id,Status_C,Status_CL,Status_D
7905,0.7029126791109767,0.04198958756616886,0.2550977333228579
7906,0.7361619812115268,0.07561917464888267,0.18821884413958978
7907,0.1267066066372859,0.06105809210346656,0.812235301259249
7908,0.9021174076728832,0.01024635659996139,0.08763623572715977
7909,0.7044010893101486,0.06653332484933104,0.22906558584052156
7910,0.9453834575361988,0.005761564622201396,0.048854977841601234
7911,0.9435207399116928,0.0065552116727341314,0.04992404841557658
7912,0.4377925681829269,0.046611096303981,0.5155963355130914
7913,0.04677957268370747,0.019865637903937805,0.9333547894123582
7914,0.477579774868945,0.03787909687915162,0.48454112825190365
7915,0.626733230232377,0.084013215888772,0.2892535538788504
7916,0.6939005986679497,0.012759478158954125,0.29333992317309526
7917,0.46650038518001713,0.13300754108677018,0.40049207373321016
7918,0.7552926827147123,0.014722403364433428,0.2299849139208571
7919,0.469276501483689,0.053992934520325206,0.4767305639959847
7920,0.8237120063129051,0.015443541622057208,0.16084445206504108
7921,0.8968741604894053,0.013963005345104994,0.0891628341654909
7922,0.11903334708938257,0.03826730714215384,0.8426993457684655
7923,0.7976373060740986,0.006270184383045748,0.19609250954285934
7924,0.6382253991292103,0.10968395339358085,0.2520906474772071
7925,0.018802895472218643,0.006146622479238844,0.9750504820485454
7926,0.7054001030472867,0.010640405734849815,0.28395949121786385
7927,0.7305384591063101,0.0777840768556285,0.19167746403806354
7928,0.0947791026979777,0.04295499584031881,0.8622659014617057
7929,0.8047793730473599,0.05827726960389703,0.13694335734874358
7930,0.18454653059344936,0.09756258382948298,0.7178908855770701
7931,0.7397909810220329,0.02458312907111951,0.2356258899068491
7932,0.17633336376653758,0.054074278825888146,0.7695923574075768
7933,0.6410649946473329,0.022878131745049372,0.3360568736076174
7934,0.9334468725608879,0.005004474257447301,0.061548653181666434
7935,0.8938703446429646,0.006343356657511742,0.09978629869952567
7936,0.9067037865575566,0.017413389117260827,0.07588282432518374
7937,0.3647262909759706,0.03209825255887663,0.6031754564651522
7938,0.9031651870374272,0.010510029391407888,0.08632478357116688
7939,0.40515806575146407,0.09886492374532417,0.4959770105032116
7940,0.7068282694646852,0.10825477921318166,0.18491695132213212
7941,0.169091099816188,0.17094226209840588,0.6599666380854068
7942,0.9141131330017778,0.007771180231872955,0.07811568676635056
7943,0.18928620484119182,0.06898036526402747,0.7417334298947811
7944,0.9355341869260578,0.005324822397017752,0.05914099067692574
7945,0.8848908281003525,0.007837770514538942,0.10727140138510903
7946,0.7903278174409374,0.01883315830256368,0.1908390242564997
7947,0.7362397851683088,0.009235394711052817,0.2545248201206404
7948,0.2178631109946319,0.04632811364514595,0.7358087753602226
7949,0.12826287184047147,0.11067321358565037,0.761063914573878
7950,0.9070221848047644,0.01343808816314062,0.079539727032094
7951,0.5547231178767716,0.08923477888692215,0.35604210323630797
7952,0.2678759504548184,0.0700435476894995,0.6620805018556823
7953,0.0255940694231808,0.0067235479586216515,0.9676823826181982
7954,0.7779264746353847,0.01140170989475957,0.21067181546985553
7955,0.3372028206916094,0.06286889257338145,0.5999282867350072
7956,0.07094550525847765,0.07000498721061249,0.8590495075309116
7957,0.9168935333122609,0.008630044452417971,0.07447642223532293
7958,0.037024710037770914,0.016462436356777636,0.9465128536054541
7959,0.5639127042017337,0.0649769573082281,0.37111033849003716
7960,0.2762794979857476,0.04404624146480056,0.6796742605494519
7961,0.9191513470497059,0.011297759051068314,0.06955089389922763
7962,0.3227203702080546,0.022893266011182797,0.6543863637807626
7963,0.2616210138791607,0.06799634197593239,0.6703826441449078
7964,0.019107209909848547,0.006235763572794155,0.9746570265173594
7965,0.8926269441239664,0.012546019427877579,0.09482703644815771
7966,0.5411227188771082,0.07151913217427969,0.3873581489486116
7967,0.8870812115193356,0.020406734155124742,0.09251205432554292
7968,0.8662881556614882,0.0054328291740953945,0.12827901516441692
7969,0.463897099089759,0.04886810986359706,0.487234791046645
7970,0.9107319197167604,0.0058708730741633365,0.08339720720907767
7971,0.9302154839327591,0.00490984957865358,0.06487466648859176
7972,0.496143255945725,0.14903517562162533,0.3548215684326513
7973,0.9203307862364661,0.008179102774965186,0.07149011098857132
7974,0.2503799252926506,0.10808259009066289,0.6415374846166851
7975,0.8663836133963538,0.011641200186022495,0.12197518641762209
7976,0.6215390500124112,0.02684384410382144,0.3516171058837673
7977,0.8886837316215145,0.01205513788203615,0.09926113049645106
7978,0.0555318879315773,0.019278492227284325,0.9251896198411411
7979,0.3899085174797582,0.04988455003213159,0.560206932488111
7980,0.8081932885435674,0.029289927671038076,0.16251678378539583
7981,0.6676522864518646,0.06755035429612531,0.26479735925201
7982,0.7533858501409542,0.020973211386617473,0.22564093847242764
7983,0.6969958899851131,0.046181943908298405,0.25682216610659003
7984,0.19442869484900502,0.05413722945252717,0.7514340756984675
7985,0.5975228006342275,0.026424834761524057,0.37605236460424596
7986,0.20647908044271274,0.13010546117934316,0.6634154583779456
7987,0.48383924108420223,0.030346793125323634,0.4858139657904729
7988,0.7115802035048868,0.030711406031137273,0.25770839046397487
7989,0.8951113707222473,0.013867378798976452,0.09102125047877538
7990,0.4120255766080078,0.03004181145363996,0.5579326119383516
7991,0.06516034187193237,0.015096604594120959,0.919743053533947
7992,0.9123445051536063,0.005330458087308236,0.08232503675908769
7993,0.725347965535034,0.013995070211776772,0.2606569642531889
7994,0.8400772837653792,0.017802753996209866,0.1421199622384112
7995,0.7188531316652158,0.031603817798418955,0.24954305053636525
7996,0.15609075607351372,0.03758551333252788,0.8063237305939581
7997,0.8744093035494647,0.01592061480120514,0.1096700816493325
7998,0.00966535683330816,0.004962167110421228,0.9853724760562719
7999,0.010234844224071874,0.009101499543527417,0.9806636562324027
8000,0.7999339481142147,0.028216733373760607,0.17184931851202556
8001,0.8217038644000962,0.01878932488525918,0.15950681071464715
8002,0.3940861801785981,0.06522905543808596,0.5406847643833145
8003,0.6136172571826514,0.13681295272446467,0.24956979009288474
8004,0.624241265258032,0.01618311815688548,0.3595756165850829
8005,0.6675848844931274,0.041772670211095764,0.29064244529577626
8006,0.7347030021336715,0.08233326894214993,0.18296372892417773
8007,0.8199702415506996,0.01436535191482334,0.16566440653447936
8008,0.9410401970081858,0.008051941442199792,0.05090786154961508
8009,0.765381011064101,0.03163381888349082,0.2029851700524085
8010,0.912196895377828,0.019246238885749292,0.06855686573642389
8011,0.7177373272370586,0.029233399251881242,0.25302927351106014
8012,0.7893113149502312,0.021105590960731647,0.18958309408903912
8013,0.2503658235359859,0.03079144398006909,0.7188427324839457
8014,0.8240701501957564,0.03147577910963738,0.1444540706946026
8015,0.9292657591187049,0.005530640138958442,0.06520360074233651
8016,0.9432006653487692,0.007583192433372297,0.04921614221785764
8017,0.6209477378836845,0.012043416782015669,0.36700884533429967
8018,0.6085320319425583,0.027148514828287385,0.36431945322915543
8019,0.9195201275202689,0.008093854929794664,0.07238601754993546
8020,0.6751422477659932,0.04889194055320567,0.27596581168079964
8021,0.17564119412130244,0.0324346559224933,0.7919241499562065
8022,0.14005496595126166,0.05684540922613644,0.8030996248226049
8023,0.6850477269603077,0.0829759047598858,0.2319763682798062
8024,0.8078595217462707,0.012886549697827925,0.17925392855590272
8025,0.2515006238442711,0.023782907988413794,0.7247164681673172
8026,0.9189189444999071,0.007867776774773771,0.07321327872532023
8027,0.8849895952108793,0.010046116520350272,0.10496428826877183
8028,0.06827149163109866,0.05399879099930449,0.8777297173696021
8029,0.11092853245233424,0.06743988462123253,0.8216315829264342
8030,0.8897890637801856,0.006062322557526595,0.10414861366228663
8031,0.8860086272123412,0.022244799466321127,0.09174657332134167
8032,0.8465418212332272,0.011701282384148243,0.1417568963826274
8033,0.18405640842831103,0.09062318705242596,0.7253204045192645
8034,0.42301627260916774,0.04852222147051312,0.5284615059203184
8035,0.9153551393943543,0.0057103600791802754,0.07893450052646438
8036,0.8904478723053518,0.05304668494505474,0.056505442749591815
8037,0.3249228090667495,0.12326199836464977,0.5518151925685998
8038,0.677208665506106,0.033527624414968156,0.2892637100789265
8039,0.06150166329750867,0.08698556630810893,0.8515127703943837
8040,0.4925169665272065,0.09462450242190569,0.4128585310508858
8041,0.25566658233304956,0.05677924489467402,0.6875541727722755
8042,0.11016539018614921,0.04135337179662467,0.848481238017229
8043,0.872592445609081,0.010294264034429833,0.11711329035648946
8044,0.09171538795406836,0.014329268144229907,0.8939553439017033
8045,0.21357925077145146,0.045023296562608,0.7413974526659408
8046,0.761433202031506,0.005094935092663868,0.2334718628758299
8047,0.9056564598819431,0.01267924364023842,0.0816642964778195
8048,0.8825945060624557,0.018294209263022953,0.09911128467452432
8049,0.569796140619469,0.09420289738687725,0.33600096199365326
8050,0.5161721674004394,0.013693180378786318,0.4701346522207744
8051,0.17921851799559943,0.07352118370722266,0.7472602982971787
8052,0.9431814978015266,0.008435844921593832,0.04838265727687929
8053,0.13477284822524005,0.07663772305504266,0.7885894287197182
8054,0.7772714206705517,0.010063807867462981,0.21266477146198765
8055,0.5013585294466634,0.04634490442021167,0.4522965661331257
8056,0.8574883068574192,0.023750809152475728,0.1187608839901038
8057,0.8472632258964035,0.00944140306932689,0.14329537103427012
8058,0.7505714440026543,0.05108086659483394,0.19834768940251002
8059,0.7300730081205727,0.03673089270769267,0.23319609917173248
8060,0.20476977483689576,0.14469984412427153,0.6505303810388313
8061,0.248029836011165,0.08276250221578502,0.6692076617730506
8062,0.24170497783599426,0.03297350196336828,0.7253215202006387
8063,0.9296632857963527,0.012743250326381256,0.057593463877266
8064,0.028386313634199373,0.03548346115418755,0.936130225211615
8065,0.8749099777701396,0.022161859803784295,0.10292816242607787
8066,0.9198774350855988,0.010512192565794729,0.06961037234860883
8067,0.20138932947181448,0.038396810240788774,0.7602138602873985
8068,0.8156440146921445,0.028730293136644783,0.15562569217121394
8069,0.850113345548355,0.02071274875060408,0.12917390570104365
8070,0.9224167450785631,0.005769642018153812,0.07181361290328414
8071,0.8923209477579364,0.007193327194260825,0.10048572504780734
8072,0.9119116131537783,0.013937011639871677,0.07415137520635208
8073,0.9305844356671598,0.007269896633515328,0.06214566769932603
8074,0.7985347589050971,0.012244589529949702,0.18922065156495227
8075,0.884141942607609,0.018138262306131876,0.09771979508626313
8076,0.9088770352816178,0.014952273045106906,0.07617069167327739
8077,0.08929490724644003,0.06134351155997539,0.8493615811935875
8078,0.31596585863823895,0.09705681309330917,0.5869773282684514
8079,0.7759137134884173,0.027469392190121532,0.19661689432145943
8080,0.9272879063267285,0.009129926702788652,0.0635821669704834
8081,0.9086435965355574,0.007767099688319377,0.08358930377612557
8082,0.7032928273580225,0.05783904483580015,0.23886812780618025
8083,0.26055794102734275,0.09398000315404635,0.6454620558186105
8084,0.03330634046914578,0.011961893443327001,0.9547317660875289
8085,0.9188705159864111,0.015251781302974577,0.06587770271061551
8086,0.026786877004416707,0.01010696594622865,0.9631061570493558
8087,0.8494193561605418,0.027075139155274184,0.12350550468418718
8088,0.4962578292461959,0.018035790976183574,0.4857063797776206
8089,0.3729758542546997,0.019282324341475025,0.6077418214038228
8090,0.016697959061187432,0.006310515050494009,0.9769915258883203
8091,0.9414819669508041,0.006131017656884773,0.052387015392313115
8092,0.017294767280121526,0.011458227605488066,0.9712470051143929
8093,0.8363617182421639,0.04131242698352324,0.12232585477431307
8094,0.17660923330634276,0.0985846867822523,0.7248060799114033
8095,0.5144924132816847,0.1257071104709539,0.3598004762473624
8096,0.5446618578388265,0.026883315632072635,0.42845482652910005
8097,0.3485463933022651,0.041905097278757214,0.6095485094189766
8098,0.7535918451557987,0.03516522502747585,0.2112429298167255
8099,0.7571564499531179,0.014094417331888548,0.228749132714995
8100,0.05504814461418594,0.015640818902218672,0.9293110364835977
8101,0.5965537674941102,0.023920887332806007,0.3795253451730836
8102,0.5587714002010415,0.05001321897418305,0.39121538082477486
8103,0.500230503515593,0.13823164338557123,0.3615378530988361
8104,0.558973701715641,0.055555429044001375,0.3854708692403598
8105,0.044453313438755485,0.012620862099894548,0.942925824461353
8106,0.9437776388316996,0.005859403837876968,0.050362957330425506
8107,0.02411305087384281,0.03531731958689037,0.9405696295392706
8108,0.9080680819662142,0.014587907444795744,0.0773440105889902
8109,0.7905778256176119,0.010837432538631741,0.19858474184375904
8110,0.9314460695815684,0.014978722121864697,0.053575208296568276
8111,0.548866196006955,0.17073588016741453,0.28039792382562917
8112,0.6677633260353938,0.024220541589654324,0.3080161323749541
8113,0.03187456862710789,0.0220692037359671,0.9460562276369258
8114,0.16264987999703742,0.09182130478049243,0.7455288152224699
8115,0.8778303446090375,0.017916572157890217,0.1042530832330743
8116,0.6960151318040871,0.04735229370627424,0.25663257448963694
8117,0.1526402115089319,0.04409951621852484,0.8032602722725439
8118,0.6063662248705994,0.10982307555082714,0.2838106995785737
8119,0.578194552563095,0.07563748376884569,0.34616796366805835
8120,0.9327707637555462,0.013078077374708771,0.05415115886974831
8121,0.42781882940422,0.09439088764323544,0.4777902829525433
8122,0.9262200183950527,0.009267209925359616,0.06451277167958612
8123,0.9415179430215225,0.008055809797651234,0.05042624718082577
8124,0.305523967225883,0.09737506041408013,0.5971009723600348
8125,0.7492370204995397,0.013812477070128119,0.2369505024303311
8126,0.8021882272016473,0.0187040361824607,0.17910773661589227
8127,0.3047222828191292,0.06003454624848594,0.6352431709323857
8128,0.4803644380231051,0.1219773025807377,0.3976582593961571
8129,0.9392365902167775,0.012296308973862802,0.048467100809361306
8130,0.5113282974795853,0.08654021651023533,0.4021314860101814
8131,0.056475162896250174,0.04260873921828484,0.9009160978854682
8132,0.6967488764870209,0.07683989459228963,0.22641122892068855
8133,0.8187190659864303,0.03682504900180522,0.144455885011766
8134,0.6186463626254735,0.06426764496673248,0.3170859924077945
8135,0.03162242267792781,0.010585357607863574,0.9577922197142084
8136,0.0855837269386538,0.06413153227952799,0.850284740781819
8137,0.551683017305663,0.01969824934094246,0.4286187333533954
8138,0.2148448127505204,0.029877023796592028,0.7552781634528885
8139,0.16465814013760738,0.035547053031099306,0.799794806831297
8140,0.749388261915585,0.01834728346514989,0.23226445461926695
8141,0.9400944584432176,0.005901470570551376,0.054004070986233235
8142,0.9068195448038254,0.03796760481419604,0.05521285038197678
8143,0.9074218046160499,0.04100231585820892,0.051575879525740526
8144,0.3656558551973156,0.035911487444926095,0.5984326573577583
8145,0.8563754453325915,0.010888918038853897,0.13273563662855506
8146,0.7838131442395898,0.014611804918921365,0.20157505084149532
8147,0.4598178160011465,0.08912878374881285,0.4510534002500417
8148,0.8591767758549257,0.011469641518365013,0.12935358262670993
8149,0.8244981721411518,0.035373089232030724,0.14012873862681832
8150,0.9217115443878326,0.010250348833411077,0.0680381067787586
8151,0.248530946347833,0.03384662946099445,0.7176224241911705
8152,0.910617909238823,0.014572121143485816,0.07480996961769487
8153,0.8350075365632295,0.018179991205812363,0.14681247223095947
8154,0.8660703185958832,0.02417391578121148,0.10975576562290716
8155,0.2587263302054775,0.09462730356727982,0.6466463662272433
8156,0.9416824377459398,0.007673788481827432,0.050643773772231636
8157,0.771244501985145,0.026512100892032042,0.20224339712282582
8158,0.9414152795432525,0.010844850225362447,0.047739870231386504
8159,0.45054098460511244,0.05711735232381916,0.49234166307106747
8160,0.656965185301957,0.019789214882898868,0.32324559981514744
8161,0.8879938040357307,0.023993240708106486,0.08801295525616414
8162,0.26623412915516875,0.28172069910939007,0.4520451717354394
8163,0.26486540798805536,0.027777047992804067,0.7073575440191403
8164,0.8394110884492192,0.03828471438286516,0.12230419716791756
8165,0.06831683220938864,0.024040449480318447,0.9076427183102955
8166,0.6724403143699041,0.02201124793877539,0.305548437691322
8167,0.41368769453970733,0.13705012734520766,0.4492621781150861
8168,0.7816626583935098,0.014637351332272177,0.20369999027421445
8169,0.8052811490306796,0.018506724449400103,0.1762121265199185
8170,0.6037926669477967,0.07809323750262631,0.3181140955495737
8171,0.13603921425672744,0.050813049070411336,0.8131477366728637
8172,0.052732121757925646,0.026590615407364765,0.9206772628347111
8173,0.7194155868144444,0.015527594742401478,0.2650568184431575
8174,0.9281417097464638,0.0060551542412110105,0.06580313601232718
8175,0.9233821193138131,0.010794850610192986,0.06582303007599613
8176,0.7213750819144207,0.04292179779430509,0.23570312029127533
8177,0.2917532589686821,0.09361469658365304,0.6146320444476633
8178,0.6070568760182486,0.07908342433674173,0.31385969964500876
8179,0.6651559092716598,0.02141321811870846,0.3134308726096292
8180,0.3961626239143868,0.12784114445768321,0.47599623162793014
8181,0.1781879565439405,0.04776237790010544,0.7740496655559557
8182,0.9372628892127677,0.008633598071629023,0.05410351271560321
8183,0.5027311696072516,0.09847297756317061,0.3987958528295762
8184,0.7941524008076715,0.04077247226789072,0.1650751269244409
8185,0.9428258825411,0.01029392056538323,0.04688019689351593
8186,0.6872279528934226,0.05470430891491107,0.2580677381916665
8187,0.28863439318446693,0.12345692070837601,0.5879086861071562
8188,0.8221794529458484,0.00864694169854129,0.16917360535561118
8189,0.2507302423481349,0.10851554195845002,0.6407542156934144
8190,0.27949690651294745,0.30289574220167337,0.41760735128537774
8191,0.9177224639648874,0.012926992100148959,0.06935054393496329
8192,0.8414543865740193,0.01755268336098293,0.14099293006500194
8193,0.8874108008553434,0.006538084499106357,0.10605111464554752
8194,0.8415893767176091,0.031492912151741936,0.1269177111306502
8195,0.8841285042036164,0.008256870166935224,0.10761462562945291
8196,0.9075617519005391,0.012686748692950138,0.07975149940651256
8197,0.7713408572346512,0.021741789426666006,0.20691735333868452
8198,0.545113442510817,0.04902001287433641,0.4058665446148465
8199,0.9245680417662805,0.014442457234106991,0.060989500999614414
8200,0.9253736372574195,0.014052141089489597,0.06057422165309209
8201,0.20861128335395696,0.03195472695816526,0.7594339896878771
8202,0.23327386271881084,0.059354451121641845,0.7073716861595488
8203,0.9129874919167462,0.012829861928630759,0.07418264615462575
8204,0.319973953545302,0.07156187623674218,0.6084641702179527
8205,0.8840188742846122,0.007990907347934641,0.10799021836745336
8206,0.3140671511112929,0.04038277738111773,0.6455500715075893
8207,0.9184923934212363,0.007864158972252639,0.07364344760651208
8208,0.1440163934763726,0.049924478189322136,0.8060591283343067
8209,0.37213477353837016,0.06170431817024888,0.5661609082913777
8210,0.8033396970496575,0.008802996354957246,0.18785730659538374
8211,0.45266955453552526,0.0711515464695191,0.4761788989949548
8212,0.9382634740740255,0.006039003932090253,0.055697521993885134
8213,0.9385740869190347,0.007590053618972902,0.05383585946199304
8214,0.03280199065084104,0.03776822848363396,0.929429780865528
8215,0.931712884525765,0.013129147582865057,0.055157967891372374
8216,0.9009865396755629,0.012530542060706668,0.08648291826372866
8217,0.5846766162909439,0.04297637170423849,0.37234701200481646
8218,0.06059462357060264,0.03777975809615056,0.9016256183332468
8219,0.8322319068205598,0.039891438455719956,0.12787665472372062
8220,0.912134329050756,0.011964550425101032,0.07590112052414587
8221,0.4079921178171301,0.030347271825916136,0.5616606103569541
8222,0.3666744685329112,0.04213709869466888,0.5911884327724188
8223,0.699304400467198,0.07684222510315154,0.223853374429652
8224,0.5852965159319576,0.09320937383846782,0.3214941102295759
8225,0.23871810565545945,0.08249805477379368,0.6787838395707464
8226,0.026993787320516455,0.010615821076228002,0.9623903916032566
8227,0.9037905276091824,0.009143608135669216,0.08706586425514827
8228,0.8688829330313987,0.008994914186036053,0.12212215278256389
8229,0.28757615860452346,0.07709727212809744,0.6353265692673778
8230,0.6147221084446363,0.08219258744907487,0.30308530410628814
8231,0.7517105881149618,0.10761329313934438,0.14067611874569497
8232,0.48022639667945854,0.05662980847218013,0.4631437948483608
8233,0.11521548400375194,0.029254205283349637,0.8555303107128989
8234,0.9449335554664611,0.00617806081297723,0.04888838372056568
8235,0.3077623787359153,0.07225751284578595,0.6199801084182979
8236,0.24993465565841355,0.05637020036955914,0.6936951439720269
8237,0.8012965260159547,0.030416357605938783,0.16828711637810867
8238,0.46163617691699116,0.029568655349899293,0.5087951677331082
8239,0.08504919632988592,0.0728634409373275,0.8420873627327886
8240,0.7786652647111525,0.06460460106539087,0.15673013422346072
8241,0.0953008428056679,0.04904919832700121,0.8556499588673331
8242,0.7730124722649252,0.019652348955622654,0.2073351787794542
8243,0.5923331937897308,0.0946578460337398,0.3130089601765291
8244,0.9269061396832321,0.0045449269672953,0.06854893334947157
8245,0.866588774083273,0.026838245332675762,0.10657298058405588
8246,0.4737051733208827,0.06159647641815614,0.4646983502609586
8247,0.9278822184794944,0.013033163015346776,0.05908461850516025
8248,0.9481274379105418,0.007990757406668091,0.04388180468279196
8249,0.7926612021517083,0.015208552781404379,0.19213024506688783
8250,0.9171755194010353,0.016836529336829942,0.06598795126213611
8251,0.7228457638187961,0.016421627420397857,0.26073260876080795
8252,0.623808528499244,0.027762477020838592,0.3484289944799189
8253,0.8345641938340351,0.015905959671222138,0.14952984649474602
8254,0.7129328303416167,0.028377898992070036,0.2586892706663128
8255,0.46477588412293847,0.16383917646091148,0.3713849394161497
8256,0.6643344453516016,0.09680002897200818,0.23886552567639072
8257,0.9010439795864443,0.021785659591731076,0.07717036082182423
8258,0.08440683367752391,0.036661824042353186,0.8789313422801259
8259,0.057507993909308865,0.05654874908962864,0.8859432570010662
8260,0.9112549115687587,0.01426534103152285,0.07447974739972038
8261,0.8491366611722071,0.027423472866536923,0.12343986596125776
8262,0.7210301307756458,0.0319758453468096,0.24699402387754593
8263,0.8870789902511441,0.02536418090216122,0.08755682884669609
8264,0.8561806753214108,0.00526785964255544,0.1385514650360376
8265,0.8470217560903166,0.02543961313001728,0.12753863077966657
8266,0.00864208261222243,0.003006971206129647,0.9883509461816491
8267,0.9004942559630812,0.014378758809061521,0.0851269852278555
8268,0.8430927995773346,0.023028812158498172,0.13387838826416765
8269,0.9072307177664792,0.012805816226802443,0.07996346600671853
8270,0.6994302074131792,0.028124120799360722,0.2724456717874642
8271,0.8997895313501808,0.0318146505712287,0.06839581807859005
8272,0.9366266603818878,0.005442885572232169,0.05793045404588177
8273,0.827980411847468,0.014003203754181697,0.1580163843983505
8274,0.7889430251330196,0.0259949526290878,0.18506202223789264
8275,0.21373940597012314,0.09083646816475544,0.6954241258651221
8276,0.35071684528036823,0.05254197067170985,0.5967411840479204
8277,0.8651272342978534,0.012088037189685527,0.12278472851246186
8278,0.8010339320062055,0.046472551395852185,0.15249351659794189
8279,0.7100477957138289,0.008765249926084089,0.2811869543600875
8280,0.05605741515834603,0.043912106766025485,0.9000304780756295
8281,0.6707979261499594,0.07465234015472104,0.2545497336953192
8282,0.938364044518397,0.009692645389506115,0.05194331009209831
8283,0.7702844143072619,0.02933881588064321,0.2003767698120973
8284,0.8812434558599174,0.012223013773158941,0.10653353036692222
8285,0.16861947573877778,0.03872901239759289,0.7926515118636301
8286,0.9473354649030732,0.006772327815173203,0.045892207281755346
8287,0.7334109488309383,0.018932160175970082,0.2476568909930935
8288,0.9378705255575336,0.005339734818439857,0.05678973962402641
8289,0.5578535866091984,0.027898998410661287,0.4142474149801421
8290,0.27704555578952067,0.04328666054248361,0.6796677836679966
8291,0.50411651763629,0.03055030964848998,0.46533317271521984
8292,0.7429163632075417,0.028388902479204225,0.22869473431325466
8293,0.8321445568926996,0.007983886994660868,0.15987155611264292
8294,0.9339313548796018,0.007616933585052928,0.05845171153534545
8295,0.9342283464947531,0.009350570199260526,0.05642108330598696
8296,0.6573335315796812,0.09024810046539179,0.2524183679549275
8297,0.8860844691768331,0.013394402194753666,0.1005211286284103
8298,0.9482354966512806,0.00816188375252618,0.04360261959619404
8299,0.8477926071860722,0.02175817907207722,0.1304492137418525
8300,0.8991085181041423,0.015193827239953162,0.08569765465590813
8301,0.5784549125441709,0.03208564947702108,0.38945943797880855
8302,0.2473444402965846,0.06681424133469713,0.6858413183687181
8303,0.8919240430791082,0.013797534704671308,0.09427842221621982
8304,0.03455973653601714,0.03652881258214001,0.928911450881845
8305,0.8373426814307575,0.010177246970984943,0.1524800715982582
8306,0.8328511085820505,0.009401203397417795,0.15774768802052913
8307,0.09184548309236949,0.016703687855495662,0.8914508290521392
8308,0.7843445157921307,0.004285893531098612,0.21136959067677202
8309,0.14370843140401446,0.02811387902809242,0.8281776895678947
8310,0.8606032300696924,0.010959634286446253,0.12843713564385859
8311,0.8925182839280806,0.006552009939999339,0.10092970613192351
8312,0.882817956049832,0.018154950575887577,0.09902709337428131
8313,0.8901471880716083,0.01867194395941949,0.09118086796897425
8314,0.9420792855013277,0.005907458859516168,0.052013255639158755
8315,0.8417931504958672,0.02762882482372153,0.130578024680412
8316,0.8658457431968873,0.02289066428569084,0.11126359251742063
8317,0.6301232128733273,0.0890833687355032,0.28079341839117106
8318,0.5214412593074137,0.12689527569293813,0.3516634649996459
8319,0.022182376407629503,0.025922080208540213,0.9518955433838341
8320,0.9098361232630741,0.00832754568487421,0.08183633105205286
8321,0.7060069161645398,0.05309859073729426,0.2408944930981629
8322,0.5193140368226377,0.07090377093500504,0.40978219224235857
8323,0.015376367010246795,0.008050785726819044,0.9765728472629348
8324,0.12599296974710186,0.021380883166147294,0.8526261470867541
8325,0.9489730665522391,0.008729650050487823,0.042297283397274184
8326,0.9396818494963888,0.006338132556104641,0.05398001794750856
8327,0.9209000562849597,0.013682623785403207,0.06541731992963748
8328,0.08761800225866075,0.00995402560604134,0.9024279721353017
8329,0.9228821345027844,0.016385468915244877,0.06073239658196947
8330,0.37159869493184555,0.04998916453392323,0.5784121405342303
8331,0.8787814272093007,0.013470385049071013,0.10774818774162936
8332,0.46127667780430814,0.1676091413420544,0.37111418085363646
8333,0.7707882969499695,0.009245635533320947,0.2199660675167104
8334,0.7620013358506385,0.017426981473168346,0.2205716826761914
8335,0.9125095134300634,0.011843377730800027,0.07564710883913651
8336,0.43838501667619567,0.08499844914889337,0.4766165341749102
8337,0.5612277361325955,0.029103449423383394,0.40966881444402137
8338,0.9286716179394875,0.010400293295796555,0.060928088764717274
8339,0.40685368410802636,0.09137249043006149,0.5017738254619104
8340,0.9010179238575377,0.021839587692918428,0.07714248844954537
8341,0.8910123152841332,0.014629960965144502,0.09435772375071982
8342,0.9435186123821534,0.009746959872925938,0.04673442774491851
8343,0.6433352559691435,0.02755561549882788,0.32910912853202884
8344,0.059540457890038624,0.06690080178910993,0.8735587403208536
8345,0.9341007098420304,0.006742212606703044,0.05915707755126726
8346,0.5181691773048794,0.042868644909918555,0.4389621777852018
8347,0.4657447601883871,0.08730125053773945,0.44695398927387214
8348,0.3822257956421316,0.11320629642487907,0.504567907932989
8349,0.9173424517243595,0.011158101446747393,0.07149944682889264
8350,0.7575561311375251,0.012835879167548253,0.22960798969492768
8351,0.700819021695555,0.011037317948857522,0.2881436603555899
8352,0.8519801536737666,0.008717621510441432,0.13930222481579244
8353,0.09745716424912447,0.012700001488344388,0.8898428342625311
8354,0.044437067100353715,0.04376732296448598,0.9117956099351637
8355,0.9457425218397044,0.006739093174269119,0.04751838498602808
8356,0.6782555494641354,0.019678268652369938,0.30206618188349366
8357,0.21518727366250037,0.017645502325681062,0.7671672240118199
8358,0.04373090349623487,0.0760054387140313,0.8802636577897345
8359,0.9385317702081627,0.00889806951106308,0.05257016028077232
8360,0.8703253499395252,0.010990291610986249,0.11868435844948964
8361,0.5197995891366652,0.03442292691536128,0.4457774839479748
8362,0.8507437589749054,0.02698299500166908,0.12227324602342844
8363,0.4692630421836296,0.01719434729468592,0.5135426105216845
8364,0.9015519390001573,0.02443303457198488,0.07401502642785979
8365,0.6376822209842825,0.02329610727258364,0.33902167174313275
8366,0.6381827365920324,0.022840917724999313,0.33897634568297064
8367,0.7342156231415248,0.028025949474735343,0.23775842738374034
8368,0.8709314678515231,0.01705798679708075,0.11201054535140098
8369,0.41044142421177715,0.02899008756742661,0.5605684882207971
8370,0.7811005637312258,0.02328693367619624,0.19561250259258064
8371,0.7493228399615467,0.016910855394853368,0.23376630464360423
8372,0.009971172193657181,0.005159238683946752,0.9848695891223991
8373,0.07099037072419424,0.04414340768902816,0.8848662215867839
8374,0.3331538445324659,0.022890022049110652,0.6439561334184261
8375,0.937852051600032,0.006374031027041116,0.05577391737293145
8376,0.25754825193337755,0.05543190504237039,0.6870198430242532
8377,0.59058494861214,0.09385333036458099,0.3155617210232785
8378,0.8703889580067675,0.02629661930540923,0.10331442268782458
8379,0.9247226598214598,0.008043746661814009,0.06723359351672695
8380,0.7741800407309678,0.012401016019769449,0.21341894324926286
8381,0.9110338862015563,0.029095617516613628,0.059870496281830415
8382,0.791053580985419,0.014551641371803852,0.19439477764277796
8383,0.871329243333051,0.006869040126474265,0.12180171654047561
8384,0.9399049731787169,0.006294051626046836,0.05380097519523687
8385,0.12812344403339784,0.09392741641940766,0.7779491395471947
8386,0.4475087056236758,0.04291410963567967,0.5095771847406442
8387,0.9407464786794104,0.0055892434101968095,0.05366427791039573
8388,0.6928176413362072,0.013743674783240418,0.29343868388055633
8389,0.519511025297519,0.07642115689797731,0.404067817804503
8390,0.10673107891820316,0.04398811606968851,0.84928080501211
8391,0.7150596553932146,0.015673832735973323,0.2692665118708158
8392,0.8467328096122448,0.03002833143785917,0.12323885894989726
8393,0.9230602680121424,0.011355957392936364,0.06558377459492298
8394,0.5692695439453228,0.06615477770429505,0.36457567835038274
8395,0.30663615850552983,0.03917291601853912,0.654190925475929
8396,0.8898961991589885,0.013401275394284002,0.09670252544672907
8397,0.9327829172607455,0.005676593238256448,0.061540489501000994
8398,0.9345198363400882,0.007897164568212624,0.05758299909169813
8399,0.8613286036236403,0.014660621289794083,0.12401077508656796
8400,0.022633461569247552,0.020258461788048014,0.9571080766427073
8401,0.39115944127020136,0.13514288325687807,0.47369767547291997
8402,0.2382972431073697,0.0674298188087641,0.6942729380838661
8403,0.09427959005969187,0.12909818243091503,0.7766222275093946
8404,0.7058462069261398,0.021943087407523477,0.27221070566633815
8405,0.13227873774916582,0.03051311859047358,0.8372081436603627
8406,0.8338192308761321,0.010215401667715859,0.15596536745615042
8407,0.9208987429010959,0.007522702065443681,0.07157855503346255
8408,0.6177131557633446,0.029057230283713778,0.3532296139529414
8409,0.11919830702466724,0.030200000323677027,0.8506016926516577
8410,0.5003760615621106,0.12853909601679767,0.37108484242109235
8411,0.8293543984944369,0.016049635004961246,0.15459596650060145
8412,0.16096290577426609,0.059098397346122065,0.7799386968796115
8413,0.016283586281001978,0.01905715291693546,0.9646592608020632
8414,0.9301188370362002,0.006935699687724717,0.06294546327607696
8415,0.7951807617267359,0.03085741206674063,0.1739618262065262
8416,0.877591348575334,0.013486997585134126,0.10892165383953242
8417,0.537693053666635,0.029100864511756086,0.43320608182161
8418,0.7046337093241988,0.02256061122366036,0.2728056794521403
8419,0.11168710000724442,0.051031449351708225,0.83728145064105
8420,0.6832633692028832,0.013711290740752315,0.3030253400563662
8421,0.2389018151175622,0.06853871197245436,0.6925594729099838
8422,0.91142817795023,0.005311451249868987,0.08326037079990227
8423,0.7964944317777889,0.01197548266795962,0.19153008555425124
8424,0.5939008059398729,0.08305919044489955,0.32304000361522955
8425,0.7494871653113139,0.040071802413058646,0.21044103227563032
8426,0.09373360371735169,0.09008296765269476,0.8161834286299549
8427,0.3973778443660517,0.13927730613105568,0.46334484950289057
8428,0.933800310901591,0.005846243692541855,0.06035344540586952
8429,0.9447157188746401,0.00756598472850385,0.04771829639685564
8430,0.8458015905528894,0.05990723918562753,0.09429117026148481
8431,0.26445229704537476,0.049082917853087854,0.6864647851015386
8432,0.49254930258278823,0.1170365956095037,0.3904141018077084
8433,0.76929087826903,0.05769910486730313,0.17301001686366763
8434,0.10546594194640288,0.07380271494553271,0.8207313431080648
8435,0.8979592747947489,0.012339885514324921,0.08970083969092758
8436,0.6668194573535421,0.046461754747351064,0.2867187878991087
8437,0.043420326969402206,0.01970134177910457,0.9368783312514953
8438,0.9183839174808492,0.015972812641005665,0.06564326987814639
8439,0.48262081427121234,0.08132414229267446,0.43605504343611234
8440,0.7861313462130434,0.04437911013498383,0.16948954365197266
8441,0.5308881378564798,0.01575648286265075,0.4533553792808693
8442,0.9099692645481489,0.016267068428504308,0.07376366702334769
8443,0.9226803822492669,0.0067768874103189694,0.0705427303404169
8444,0.8896702603713651,0.02084292413903928,0.0894868154895996
8445,0.9506028120071807,0.00776096868128818,0.041636219311532954
8446,0.7133830830286745,0.013000147455748153,0.273616769515578
8447,0.1195056080314271,0.07559805522467358,0.8048963367439004
8448,0.856774729969734,0.008299418788198197,0.13492585124206546
8449,0.4143356941181823,0.08859614055664426,0.4970681653251732
8450,0.59448076258821,0.0609148438402703,0.34460439357152073
8451,0.8774591274735338,0.01868613229476224,0.10385474023170752
8452,0.9495815954383077,0.006318942271069683,0.04409946229062427
8453,0.8220229461053687,0.016546519561257383,0.16143053433337393
8454,0.6255216416017793,0.023998410047149282,0.3504799483510727
8455,0.31897609170781366,0.05045444572817098,0.6305694625640154
8456,0.5847525219056614,0.024928058206986486,0.39031941988735314
8457,0.8671214663084906,0.015593735862980502,0.11728479782853361
8458,0.4957088895427795,0.1375044161244602,0.36678669433276
8459,0.9103569624225883,0.018639373081036886,0.07100366449637496
8460,0.9189719771663639,0.01427025821355975,0.06675776462007717
8461,0.12358798278510304,0.0677265411268945,0.8086854760880052
8462,0.93855744839151,0.007288727595622753,0.054153824012869986
8463,0.45787979050438815,0.0369676859545718,0.5051525235410386
8464,0.8910910427786917,0.017740193776716744,0.09116876344459454
8465,0.40271818707257895,0.018929003531725722,0.5783528093956951
8466,0.7452515305981467,0.028348764061511374,0.22639970534034792
8467,0.9339991796626281,0.0057724909347264056,0.06022832940264682
8468,0.33860813713836,0.09926556929614416,0.562126293565495
8469,0.20816163975713486,0.0401469225318421,0.7516914377110228
8470,0.6461166270418273,0.041653371203744974,0.3122300017544282
8471,0.9192615771866773,0.008978744807587216,0.07175967800573545
8472,0.7923508435052974,0.020534464711429685,0.18711469178327195
8473,0.9233118997666057,0.02010420393097594,0.05658389630241747
8474,0.8499260557329497,0.028346574661703115,0.12172736960535069
8475,0.2406301328019547,0.040772678875160596,0.7185971883228851
8476,0.932092286244009,0.008393471934572645,0.05951424182142102
8477,0.5913862722881004,0.10001262640233821,0.3086011013095632
8478,0.8225696756582673,0.02623523402771984,0.15119509031401246
8479,0.8858858171827737,0.013722599859445746,0.10039158295778222
8480,0.8893404986297715,0.01454263441979073,0.09611686695043775
8481,0.9487394455446977,0.007661448082807884,0.043599106372493694
8482,0.3005068693238865,0.03825252742629958,0.6612406032498134
8483,0.11268702153320426,0.049124884584645805,0.83818809388215
8484,0.8217477491428556,0.009598428568380302,0.16865382228876385
8485,0.9428788782972445,0.007505474851451518,0.04961564685130304
8486,0.14172998609192713,0.03908605043663828,0.819183963471435
8487,0.6490895945639575,0.04430528251296843,0.30660512292307257
8488,0.9173100167814165,0.010091160033907226,0.07259882318467656
8489,0.5227487876966863,0.07991111625432949,0.39734009604898435
8490,0.12286755944525642,0.0318591092281642,0.8452733313265808
8491,0.21793136543052116,0.04880192240150188,0.7332667121679801
8492,0.8055091431742697,0.0337542795158336,0.1607365773098986
8493,0.7107793298608824,0.013697604620862214,0.2755230655182548
8494,0.7292214774262465,0.04561378270092436,0.22516473987282884
8495,0.7778371049792578,0.041610268603818834,0.1805526264169266
8496,0.7518107022612663,0.02943924206139898,0.21875005567733607
8497,0.8532692422361632,0.009664193952856753,0.13706656381098073
8498,0.16538431627508565,0.03568686304184576,0.7989288206830704
8499,0.8887969219211708,0.01077477771702159,0.1004283003618087
8500,0.8002154475312726,0.03188605915050845,0.16789849331822335
8501,0.7111516383955266,0.02022078707434514,0.2686275745301281
8502,0.14871484079389083,0.030421606524138053,0.8208635526819733
8503,0.8030323701563942,0.02439860309007997,0.17256902675352637
8504,0.08996704543511169,0.024036122582507282,0.8859968319823811
8505,0.9361639053908153,0.00731140502423149,0.056524689584952444
8506,0.9413446358822162,0.005691049467495286,0.052964314650290945
8507,0.850202616190287,0.015631584515790248,0.13416579929392303
8508,0.8030602000553336,0.022549303988263963,0.1743904959564047
8509,0.8967839772694961,0.013666377814815741,0.08954964491569055
8510,0.6273975890097447,0.09177738738268636,0.28082502360757006
8511,0.850294132363147,0.030895296215818435,0.1188105714210367
8512,0.08535926144195016,0.017016090670748107,0.8976246478873016
8513,0.435751548006852,0.09391312952401881,0.4703353224691281
8514,0.1692607569557258,0.0417883858245747,0.7889508572197002
8515,0.7880064931463011,0.025734529203511797,0.1862589776501893
8516,0.15255069698363707,0.0694601115247174,0.7779891914916437
8517,0.6365034993820686,0.0722792589518387,0.2912172416660926
8518,0.6463238415737053,0.11631638857098617,0.23735976985531046
8519,0.4059804821248783,0.050515895072750006,0.543503622802368
8520,0.9464727502711409,0.008185356727964522,0.045341893000896416
8521,0.877781056470287,0.009061048987424552,0.11315789454228685
8522,0.7293454907161372,0.07922122011427656,0.19143328916958552
8523,0.13190907625155573,0.02065288200742833,0.8474380417410198
8524,0.914386532019926,0.020862978538709775,0.06475048944136542
8525,0.4304084264116193,0.019088638323230735,0.5505029352651504
8526,0.9363267300790585,0.005132804899771397,0.05854046502117173
8527,0.44036617727621774,0.1543648316560925,0.4052689910676905
