id,Status_C,Status_CL,Status_D
7905,0.6777750220680324,0.04462599952259226,0.27759897840937986
7906,0.7346631536641608,0.07184285877003542,0.19349398756581052
7907,0.13131237455910463,0.046442659581148404,0.8222449658597535
7908,0.8996915135856794,0.012926360706035816,0.08738212570828911
7909,0.6945354326935415,0.06519134765207714,0.24027321965438334
7910,0.9576522824451743,0.004416331080084225,0.03793138647473904
7911,0.9539127017622899,0.007941711159790523,0.038145587077918645
7912,0.448931640806757,0.03970021467897997,0.5113681445142602
7913,0.04234689599724202,0.019444588062484617,0.9382085159402759
7914,0.39724312716438326,0.034772007084632135,0.5679848657509827
7915,0.5818613129573457,0.0769019854446031,0.34123670159804914
7916,0.6944171667774117,0.012032004601693937,0.29355082862089693
7917,0.46419426320923374,0.12113388093308929,0.41467185585767297
7918,0.7371447051183881,0.017391201341416106,0.2454640935401986
7919,0.47889714625855395,0.05348296019658249,0.4676198935448626
7920,0.8418834859710684,0.01812911718919805,0.13998739683973976
7921,0.8808306428680083,0.01466933749121743,0.10450001964078069
7922,0.11362456932060096,0.032146056241683145,0.8542293744377208
7923,0.7917231674774992,0.0035993404560048163,0.20467749206649974
7924,0.6291481112932921,0.09914432337852545,0.27170756532818313
7925,0.016734943216370177,0.007723289479125215,0.9755417673045051
7926,0.6851237754677296,0.008408037181344082,0.3064681873509272
7927,0.6690219270930222,0.08672347455748351,0.24425459834949645
7928,0.09544937277535179,0.05102233092342366,0.8535282963012321
7929,0.8040326326882274,0.05851370873126991,0.1374536585805062
7930,0.1854391108170284,0.10096222106537006,0.7135986681176069
7931,0.7528912416181359,0.024282772342629638,0.2228259860392384
7932,0.16961149519989954,0.052377436838778824,0.7780110679613252
7933,0.6284176241270478,0.021818540784816265,0.34976383508813524
7934,0.9336086899058883,0.0032436877874904985,0.06314762230662214
7935,0.9032985815846768,0.005989527983317363,0.09071189043200961
7936,0.9074331688650069,0.01804917047648509,0.07451766065851147
7937,0.3581886479171239,0.03225824599624908,0.6095531060866242
7938,0.898967103693238,0.011104379018398386,0.08992851728836886
7939,0.4334217002403096,0.09319375058062679,0.4733845491790628
7940,0.6849584329209896,0.1206689874821755,0.19437257959683754
7941,0.16669138349892565,0.11465783589384297,0.7186507806072372
7942,0.904231414364795,0.010316179830942025,0.08545240580426709
7943,0.17012262065707828,0.05431213605693435,0.7755652432859881
7944,0.9332762867589488,0.004809486203024372,0.0619142270380259
7945,0.9098200150457734,0.0045947180841470585,0.08558526687008279
7946,0.797624190611052,0.02344041269854572,0.17893539669040973
7947,0.7353961200685557,0.00893813684456207,0.25566574308688567
7948,0.2278823269166183,0.051819384913022536,0.7202982881703618
7949,0.14331783748748142,0.09887847759153756,0.7578036849209869
7950,0.943440149665416,0.008589162776192377,0.04797068755839022
7951,0.5657596934650218,0.08471870013198761,0.34952160640298807
7952,0.2738038955869595,0.07266194065522268,0.653534163757818
7953,0.021885469184235222,0.005732447042872038,0.9723820837728928
7954,0.7682584471010956,0.010252670773723743,0.22148888212518725
7955,0.3297320365282434,0.05599435625704481,0.6142736072147138
7956,0.07125262427436037,0.06516849896367237,0.863578876761974
7957,0.8947632795727877,0.00740399410547596,0.09783272632174021
7958,0.032202551841077384,0.01520711147001651,0.952590336688906
7959,0.5553173089023722,0.0662041327763778,0.3784785583212474
7960,0.2682920606295754,0.04327606720663831,0.6884318721637873
7961,0.9037472258994047,0.013528753725919307,0.08272402037468288
7962,0.35631944062382237,0.02476041259403482,0.6189201467821431
7963,0.26198122947887853,0.06641438413318901,0.6716043863879321
7964,0.018591765565751858,0.011749873881162354,0.969658360553085
7965,0.884029240762357,0.010763242496784722,0.10520751674086617
7966,0.5312796387160414,0.06256993365115822,0.40615042763279685
7967,0.8362903511456994,0.02548554886104132,0.1382240999932652
7968,0.8601948408083775,0.003901170886059481,0.13590398830556863
7969,0.47491131392330865,0.045673290490788145,0.479415395585902
7970,0.8964413097710191,0.005758131953715981,0.09780055827526939
7971,0.9302593702265742,0.0027543997771979785,0.06698622999622944
7972,0.48426301170923786,0.13027979993316371,0.38545718835759357
7973,0.8938661772207526,0.013610948761785082,0.0925228740174675
7974,0.26692288832860395,0.10403688865827844,0.6290402230131164
7975,0.886823259712185,0.012704184372331393,0.10047255591548883
7976,0.5871902213219329,0.0309412648690886,0.381868513808984
7977,0.9037424970258086,0.011120943498975067,0.08513655947521792
7978,0.04817388314561003,0.01894236805383003,0.9328837488005596
7979,0.3808566637563777,0.05061363636865299,0.5685296998749703
7980,0.8091191956957363,0.0242771356193704,0.16660366868489948
7981,0.6656733900383933,0.061111216042264334,0.2732153939193427
7982,0.7643822969044218,0.024017429439670012,0.2116002736559148
7983,0.6613555677444656,0.042128167584219146,0.29651626467131514
7984,0.2036651087143672,0.05764131012646346,0.7386935811591788
7985,0.5863072293432122,0.025575802332569463,0.38811696832422027
7986,0.18015385214902832,0.13166900368110793,0.688177144169866
7987,0.503652236444165,0.03405198854114886,0.4622957750146842
7988,0.6936925278598401,0.03601682828715712,0.2702906438530047
7989,0.9033669329064548,0.017627703144083327,0.07900536394946628
7990,0.42810663570656426,0.024130490091904856,0.5477628742015297
7991,0.06624022383852537,0.020339892804582697,0.9134198833568936
7992,0.9065697794865446,0.0062570354633719304,0.08717318505008904
7993,0.7036433140031235,0.017778322248726813,0.2785783637481523
7994,0.8352120677480149,0.01922083616034263,0.14556709609164928
7995,0.7103720280409183,0.029772334776266788,0.25985563718282084
7996,0.1637163298289253,0.04045896354036197,0.7958247066307168
7997,0.8497710883043132,0.020775679573817263,0.129453232121877
7998,0.011789923526225715,0.005155520028107672,0.9830545564456652
7999,0.008854834647039289,0.006790665524989263,0.9843544998279709
8000,0.8014807608080295,0.03193232227071097,0.1665869169212695
8001,0.8084399845083156,0.01945301155964714,0.1721070039320421
8002,0.3978018438657862,0.05137163689996592,0.550826519234247
8003,0.5613652434567408,0.13076812027102577,0.3078666362722303
8004,0.5870178607257568,0.016277897109363084,0.3967042421648792
8005,0.6637228393114281,0.03925624362495958,0.2970209170636115
8006,0.7403042530160461,0.07368085041062271,0.18601489657333345
8007,0.8066401494911812,0.015370553101676954,0.1779892974071467
8008,0.9576368837760793,0.006544854648869518,0.03581826157505107
8009,0.7445973599830791,0.03686596227026068,0.21853667774666327
8010,0.9004779764661147,0.02589348968006147,0.0736285338538269
8011,0.7144013153222252,0.025573710619387166,0.2600249740583901
8012,0.7786940133162985,0.020311040646666615,0.20099494603703996
8013,0.25448977754428537,0.03600343080653337,0.709506791649182
8014,0.8178208828951569,0.03485495088595696,0.14732416621889166
8015,0.9050473959723613,0.0035544159034824113,0.09139818812415902
8016,0.9498242668850003,0.008437822670719143,0.04173791044428036
8017,0.6015899277880398,0.011659700305560794,0.3867503719063964
8018,0.5947662417034096,0.027666657939271238,0.3775671003573198
8019,0.9320415382993426,0.00856254297135577,0.05939591872930459
8020,0.6813329495024825,0.05024386506371916,0.2684231854338006
8021,0.1430298237285697,0.02460648073564903,0.8323636955357878
8022,0.1578192247047172,0.056387171961226265,0.7857936033340639
8023,0.6743539705299542,0.07783105783940072,0.2478149716306513
8024,0.8263024423567156,0.009851343722402437,0.16384621392088614
8025,0.2537212932728986,0.025149799404673923,0.7211289073224295
8026,0.9257689967922005,0.0071550453956993314,0.0670759578121028
8027,0.9166238295076559,0.006894396563496831,0.07648177392884958
8028,0.07608778151061271,0.05916459474533505,0.8647476237440587
8029,0.10922501005499555,0.05323570564728834,0.8375392842977234
8030,0.887732268468244,0.0070720246754508295,0.1051957068563105
8031,0.8703102053854173,0.03077839034039068,0.09891140427419905
8032,0.8529943423758163,0.011454529950412429,0.13555112767377817
8033,0.18705980708458078,0.08754933282693994,0.7253908600884836
8034,0.4272426452478393,0.04532615743098266,0.5274311973211752
8035,0.9044342218753882,0.005423440800700473,0.09014233732391565
8036,0.8235446077400126,0.10474447197315212,0.0717109202868506
8037,0.2992270787961057,0.09921267352625786,0.6015602476776317
8038,0.6886609704146606,0.0323007265848901,0.2790383030004501
8039,0.0686802528940272,0.07982924192821403,0.8514905051777654
8040,0.4744096942322458,0.09531479111904645,0.43027551464870656
8041,0.2546531154908599,0.049160605683748027,0.6961862788253962
8042,0.10729340123666559,0.044431320227737596,0.8482752785356015
8043,0.8814350836185434,0.009320781621874304,0.10924413475958543
8044,0.08448521827070656,0.01874879190595784,0.8967659898233425
8045,0.23516964363885726,0.05109627415525949,0.7137340822058827
8046,0.7599479349838638,0.003756531380542715,0.23629553363560024
8047,0.8848172821490032,0.016241054929136335,0.09894166292186597
8048,0.8779984116814576,0.01629580413493916,0.1057057841836095
8049,0.5772387308186875,0.08811281158315047,0.3346484575981634
8050,0.5161175456835185,0.015610887401476339,0.46827156691500627
8051,0.22471281400998114,0.07599684025387088,0.6992903457361489
8052,0.9452275041743451,0.012786907432441949,0.04198558839321292
8053,0.14058834831165165,0.0677427076933978,0.791668943994958
8054,0.7566436863497813,0.009107533840787751,0.23424877980943745
8055,0.48474117774978387,0.04497984761210443,0.4702789746381112
8056,0.8520640897331435,0.024730079376316494,0.12320583089054711
8057,0.8674743056943139,0.005704490136883456,0.1268212041688091
8058,0.7621500251799949,0.04733601422438718,0.19051396059562525
8059,0.6972163506758624,0.03631977087092651,0.26646387845321656
8060,0.18674414439461265,0.14027955653670565,0.6729762990686852
8061,0.23849896567268802,0.07755278211777959,0.6839482522095375
8062,0.29432940535869834,0.033521902404811635,0.6721486922364928
8063,0.9192090812537497,0.021533102784244935,0.05925781596200738
8064,0.03464018152571796,0.037973035684527166,0.927386782789755
8065,0.8570006206169304,0.024007914756489227,0.11899146462658905
8066,0.9119917125250477,0.014491168399472709,0.07351711907548386
8067,0.1816614012709464,0.036083555342016294,0.7822550433870438
8068,0.7913271966688861,0.03333893191813063,0.1753338714129901
8069,0.8489540795160698,0.017149544045889538,0.13389637643804853
8070,0.9006155762491131,0.005952834678973516,0.09343158907191759
8071,0.8752191340134919,0.007764375509821119,0.11701649047669466
8072,0.8788235928259369,0.021139267849862566,0.10003713932420638
8073,0.9433564123660454,0.005881001071161337,0.050762586562794934
8074,0.7865388313158063,0.011947301414675496,0.20151386726952403
8075,0.8579145660439191,0.0243057345484562,0.11777969940763243
8076,0.9132224487031089,0.015078439374608356,0.07169911192228975
8077,0.101670462154306,0.06649255760704989,0.8318369802386525
8078,0.3030690556905745,0.0827496547321447,0.614181289577278
8079,0.7746280546420283,0.021765137664412133,0.20360680769356596
8080,0.9206078789112812,0.01142282218159615,0.06796929890712497
8081,0.8970441513401675,0.011405317729388811,0.09155053093045104
8082,0.6860288189977624,0.0598646160716485,0.25410656493059025
8083,0.23020293433669273,0.07011282122458726,0.6996842444387227
8084,0.03925804398592797,0.013394075254112344,0.9473478807599585
8085,0.9055142149697389,0.01873243415162566,0.0757533508786407
8086,0.024208679343057454,0.008126626644201034,0.9676646940127404
8087,0.8233408621907764,0.028537006933956333,0.14812213087527937
8088,0.5645402767274654,0.023526517701987514,0.411933205570551
8089,0.5151103268580848,0.028115733256678106,0.45677393988523696
8090,0.015126929232113333,0.009159369792322028,0.9757137009755641
8091,0.94109802170118,0.008480993643146143,0.05042098465567384
8092,0.02011632438679594,0.011793346160561918,0.9680903294526417
8093,0.8268678420028202,0.043056621687206295,0.13007553630997903
8094,0.1763987684943551,0.10106158625883632,0.722539645246814
8095,0.5152158250513645,0.11581266773078748,0.36897150721784383
8096,0.5790704018527344,0.026704334631287158,0.3942252635159777
8097,0.33210141888814276,0.04243384440069011,0.6254647367111674
8098,0.7457782396827496,0.03827710594259924,0.21594465437465718
8099,0.7558607694246436,0.013389246387120643,0.23074998418824258
8100,0.05148622046566997,0.01664355178069906,0.9318702277536306
8101,0.6033056848801119,0.022659223022418205,0.37403509209747243
8102,0.5570197784485582,0.050564964667551206,0.39241525688388884
8103,0.493710621212673,0.13511313845884362,0.3711762403284761
8104,0.552491063929411,0.05732965035018679,0.3901792857203999
8105,0.03468725416501516,0.010357189238497719,0.9549555565964877
8106,0.9509567451571715,0.00560116809396552,0.04344208674886232
8107,0.027012744774829595,0.033710450486982325,0.9392768047381893
8108,0.9034997797495022,0.019848955151391314,0.07665126509911176
8109,0.8029700358372599,0.008195477203223108,0.1888344869595209
8110,0.9352957026661955,0.022317457190290452,0.042386840143517804
8111,0.548349752545854,0.1532906112735762,0.29835963618056954
8112,0.664289005403843,0.023984579344948583,0.3117264152512096
8113,0.03268430659309591,0.023699896556284395,0.9436157968506214
8114,0.1474138861770024,0.08774418514056113,0.7648419286824404
8115,0.8697543163952417,0.018868059883994807,0.11137762372077066
8116,0.6945578605143515,0.050399481318700715,0.2550426581669481
8117,0.1439801277505348,0.041305981455650995,0.8147138907938186
8118,0.5991910314844476,0.11059850819385325,0.2902104603216985
8119,0.5904837824042083,0.06787037289723598,0.3416458446985549
8120,0.9315930231268846,0.018953156986985038,0.04945381988613154
8121,0.4561374229704267,0.08349880523007197,0.4603637717995004
8122,0.9232986022022128,0.00921839223137945,0.06748300556640874
8123,0.9555894244240913,0.0060238675159340945,0.0383867080599755
8124,0.31893426154451093,0.0847657452064073,0.5962999932490805
8125,0.7497959059058378,0.013925636884031525,0.23627845721013885
8126,0.7930091464407155,0.0195454278572668,0.18744542570202374
8127,0.3203187604116358,0.06580449940748752,0.6138767401808756
8128,0.4720641124941168,0.10239150634992238,0.42554438115595944
8129,0.9398990192722864,0.017278461413680453,0.042822519314036675
8130,0.5029242279918904,0.08075851184001835,0.4163172601680887
8131,0.06888343237671547,0.045685197458976465,0.8854313701643095
8132,0.6906653021337137,0.07621302676844442,0.23312167109784565
8133,0.8186671782941162,0.043382880011905656,0.1379499416939828
8134,0.6090500737342726,0.06191599223890497,0.3290339340268217
8135,0.03117958468566828,0.012136108284489815,0.9566843070298394
8136,0.0812279845928939,0.048666115828829584,0.8701058995782808
8137,0.593526419204847,0.02314379179531122,0.38332978899984105
8138,0.20728114374369103,0.028435462008839715,0.7642833942474739
8139,0.17351500761197317,0.036337320883139096,0.7901476715048907
8140,0.760572795940312,0.021967914164224032,0.21745928989546773
8141,0.9237999589106596,0.0058143208102416155,0.07038572027910049
8142,0.8719920262807893,0.06801106160605346,0.059996912113163735
8143,0.8744006994274182,0.07420592114795112,0.051393379424637016
8144,0.34773160558775823,0.036638219265065296,0.6156301751471799
8145,0.8468080905767218,0.011512044034236215,0.14167986538905092
8146,0.7865063118334946,0.01513629659174896,0.19835739157476318
8147,0.4565192841153632,0.07783243213461008,0.4656482837500226
8148,0.8604953258728301,0.011523558174376482,0.12798111595279826
8149,0.8236757435520843,0.03808798605919631,0.13823627038872885
8150,0.9199320060621174,0.014471825229059722,0.06559616870882644
8151,0.2540725462615864,0.036981545007143596,0.7089459087312722
8152,0.8923946213889521,0.017292077050203414,0.09031330156084866
8153,0.8034460188054251,0.022697579220073805,0.17385640197451008
8154,0.8621310979393233,0.028009338274624127,0.10985956378605553
8155,0.24124117186094907,0.07852129095044111,0.6802375371886108
8156,0.9504889173580796,0.007225783057357411,0.042285299584563424
8157,0.7614873603902992,0.023328695765996277,0.21518394384370892
8158,0.9460001065653755,0.015154731475983762,0.03884516195864118
8159,0.4473124209636082,0.05935949155999779,0.4933280874763914
8160,0.6321862295833373,0.024677410585110762,0.3431363598315516
8161,0.8828761216932685,0.022502169379629983,0.09462170892710388
8162,0.33026315126745837,0.1807153853448408,0.48902146338769553
8163,0.2870265318789775,0.02974840075123324,0.6832250673697926
8164,0.8165478828597416,0.04267392953224374,0.14077818760801827
8165,0.07557359113020931,0.03186074629781204,0.8925656625719782
8166,0.6575145853458022,0.02223379946871911,0.3202516151854827
8167,0.38640058229357604,0.12271265421651646,0.49088676348990246
8168,0.7448984785160246,0.01372516433432242,0.24137635714965847
8169,0.802952242377077,0.017355921358128506,0.17969183626480384
8170,0.6076777602435811,0.07388619873498423,0.31843604102143436
8171,0.12671262807137487,0.036540209630313444,0.8367471622983182
8172,0.050660330630474246,0.028559525598189164,0.9207801437713359
8173,0.7251363109984238,0.01325624755476607,0.26160744144681436
8174,0.9170315503966432,0.00573941093870549,0.0772290386646543
8175,0.9182513707586654,0.011596836844036644,0.07015179239730011
8176,0.7045482838138274,0.04094967762542504,0.25450203856075254
8177,0.290337165401706,0.08307588332207125,0.6265869512762249
8178,0.5693544569762472,0.07420831463253615,0.3564372283912174
8179,0.6526751502165229,0.023487529697560166,0.32383732008591426
8180,0.3698477302406943,0.12303465812195513,0.5071176116373506
8181,0.1788104385469882,0.04878607696324219,0.7724034844897715
8182,0.9344324257577534,0.010089939905692208,0.055477634336554706
8183,0.5140818149532589,0.08719996055876568,0.39871822448797356
8184,0.8004333349837546,0.03691461303755426,0.16265205197869725
8185,0.9475918786789486,0.010994266197626817,0.04141385512342541
8186,0.6768151367726938,0.058155747239546605,0.26502911598776385
8187,0.2730720451797702,0.12067925187408977,0.6062487029461422
8188,0.8243868981935978,0.005308335458063123,0.17030476634834413
8189,0.2538843988015983,0.09311451841277502,0.6530010827856287
8190,0.2863598421298692,0.23441000967726336,0.47923014819286447
8191,0.9103446961398396,0.01202548350716647,0.07762982035299723
8192,0.8278249215112131,0.01921327093597427,0.1529618075528207
8193,0.879306355009419,0.0034957931944708726,0.11719785179611734
8194,0.8281339081853023,0.03167572742523378,0.14019036438946994
8195,0.8764094242195215,0.010029990716998354,0.1135605850634872
8196,0.8981555275314581,0.011904989532545956,0.08993948293600182
8197,0.7594092192062701,0.024135103761651386,0.2164556770320829
8198,0.5565204310012033,0.044137913139589605,0.39934165585920584
8199,0.9216973565741788,0.023662216022280046,0.05464042740354419
8200,0.9307331639922386,0.016589734595162862,0.0526771014126005
8201,0.20324650738514038,0.033396650121060856,0.7633568424938002
8202,0.2288399488369883,0.054473802611725325,0.7166862485512902
8203,0.8995239213928985,0.014561087804495897,0.08591499080261149
8204,0.32470899662494845,0.07051579145689404,0.6047752119181554
8205,0.8739136554760697,0.005400237849730455,0.12068610667420629
8206,0.3225164803887788,0.04070426418241846,0.6367792554288008
8207,0.9253738742990432,0.007093526161053644,0.06753259953990624
8208,0.15493298279149934,0.05541025951936141,0.7896567576891451
8209,0.3562942293192223,0.06451244271571509,0.5791933279650615
8210,0.7900524674517962,0.009547831920301569,0.2003997006279089
8211,0.4494861480064566,0.0674916923330422,0.483022159660501
8212,0.9312396665042967,0.004747856403115546,0.06401247709259046
8213,0.9357014557174445,0.009275927480168925,0.05502261680238777
8214,0.03752585804865216,0.04399787652567435,0.9184762654256743
8215,0.9324706184088405,0.0204032525942954,0.04712612899686709
8216,0.9132015327011624,0.01200607595417654,0.07479239134466281
8217,0.5734944289713934,0.03940440303854894,0.3871011679900569
8218,0.07014565471166966,0.04270318599623284,0.8871511592920999
8219,0.8236698468377962,0.0472706519307442,0.12905950123146573
8220,0.8742262437575244,0.018595077973766524,0.10717867826871744
8221,0.4003078321080756,0.026529152372517094,0.5731630155194083
8222,0.379783093757127,0.03496806757275355,0.5852488386701197
8223,0.6928981105675587,0.07287683685086374,0.23422505258158183
8224,0.5990744763429025,0.08465046817839257,0.316275055478706
8225,0.20246181952589312,0.08145063332649846,0.7160875471476147
8226,0.024807818525768566,0.008845144936254415,0.9663470365379767
8227,0.9115421168201164,0.012055373892548864,0.07640250928733829
8228,0.8753831213519055,0.010907007939408816,0.11370987070869333
8229,0.28027344491386785,0.0660355363758952,0.6536910187102382
8230,0.6178958981219298,0.08024764117433714,0.3018564607037352
8231,0.7381549757112692,0.11167390453613872,0.15017111975259465
8232,0.4750686491993087,0.05763500924476399,0.46729634155592553
8233,0.12876986394299184,0.031510862336741885,0.839719273720272
8234,0.9590688048229749,0.004908140753104687,0.03602305442392018
8235,0.2947996484987011,0.06624512135164608,0.638955230149654
8236,0.25033401788048365,0.05307135185591301,0.6965946302636044
8237,0.7949059251557,0.03342202362589471,0.17167205121840956
8238,0.4474615385409962,0.029425224455530488,0.5231132370034725
8239,0.10309834754603873,0.07774020207096224,0.8191614503830039
8240,0.7642270296264194,0.06241122918504647,0.1733617411885384
8241,0.08749655232351625,0.036225105325765505,0.8762783423507227
8242,0.7684529007760944,0.019994992367301623,0.21155210685660808
8243,0.5935273636197069,0.09615478340848786,0.31031785297180225
8244,0.9176341897657723,0.0022338186918394163,0.08013199154239234
8245,0.8724040270192233,0.026091698625724243,0.10150427435505958
8246,0.4792472487266504,0.057737501485781245,0.4630152497875668
8247,0.9163932457620232,0.016146657102932886,0.06746009713504805
8248,0.9559583728518948,0.01122416705225873,0.03281746009584676
8249,0.7920610967212895,0.016791002675918303,0.19114790060279677
8250,0.9141780172270427,0.020410574164814493,0.06541140860814688
8251,0.7052613914534417,0.016291536623674496,0.2784470719228868
8252,0.6458721566432571,0.02493062609542022,0.3291972172613239
8253,0.8417078304311025,0.019814861217292732,0.1384773083516087
8254,0.6957941300984122,0.02667327377870535,0.27753259612288483
8255,0.4616987970547183,0.13516826511417063,0.40313293783110826
8256,0.6427653379119431,0.0753972702426691,0.28183739184539025
8257,0.8898588550027525,0.032753987549537955,0.07738715744771757
8258,0.06276917013096947,0.03004069893322529,0.9071901309358072
8259,0.06491640941341255,0.05747946042671795,0.8776041301598708
8260,0.910032610336901,0.015421474090462064,0.07454591557263882
8261,0.8462366071896997,0.029083128063115925,0.12468026474719361
8262,0.7102539449954476,0.031141724607421647,0.2586043303971343
8263,0.8776868668010441,0.03438328428279869,0.08792984891616491
8264,0.854787128485061,0.0044462149466874415,0.140766656568258
8265,0.8285812908276615,0.03126373155353004,0.1401549776188178
8266,0.004387493144449327,0.0023532688990658386,0.9932592379564849
8267,0.9044272503095698,0.0193219783097319,0.07625077138070312
8268,0.8463351608309424,0.019825745588205858,0.1338390935808589
8269,0.8977669791784685,0.015475710610720594,0.08675731021081534
8270,0.6837362787002802,0.029666223715044467,0.2865974975846758
8271,0.9037394428826175,0.03340438041592582,0.06285617670145778
8272,0.9281697192088711,0.004244138098352233,0.06758614269277738
8273,0.8367143071438806,0.016156114241600072,0.1471295786145261
8274,0.7668017007706319,0.02531978911375148,0.20787851011562394
8275,0.22343001073300464,0.0736828849476201,0.7028871043193808
8276,0.3453214722543186,0.050386155889780196,0.6042923718559027
8277,0.8862215908319041,0.012641630016003444,0.10113677915209741
8278,0.7891902008653027,0.04679471739894584,0.1640150817357549
8279,0.736142746741719,0.008831848503426535,0.25502540475485785
8280,0.0549375764429644,0.04314598194405482,0.9019164416129838
8281,0.6731725191597114,0.0700211224068172,0.2568063584334743
8282,0.9462228376355486,0.01261556004394357,0.041161602320509715
8283,0.8068071339036116,0.022421824474804113,0.17077104162159343
8284,0.9098090667653529,0.01155916576330544,0.07863176747134623
8285,0.16907049215996017,0.037991432440319134,0.792938075399726
8286,0.9634603173724553,0.0074018674932035365,0.02913781513433973
8287,0.730052219544757,0.019797909310643062,0.25014987114460163
8288,0.9381188405164244,0.0038915463210599808,0.05798961316251641
8289,0.558282018848567,0.029608373461438783,0.41210960768999294
8290,0.28694690112216775,0.038188773858568344,0.674864325019265
8291,0.5092819023452614,0.027447685166787323,0.46327041248794887
8292,0.7316002760253737,0.0289106862665784,0.23948903770805544
8293,0.8313655177583162,0.00420752498727787,0.16442695725441295
8294,0.9370203825026735,0.006729080930289108,0.05625053656704041
8295,0.9440108510647188,0.011034637912622264,0.044954511022661015
8296,0.6257001629863335,0.09111193013238045,0.2831879068812846
8297,0.889919427503009,0.012890904116508369,0.09718966838048677
8298,0.9660712716020957,0.008196252157254079,0.025732476240648828
8299,0.8557058434229696,0.0242697671818582,0.12002438939518266
8300,0.8785129184848744,0.017461834067886067,0.1040252474472466
8301,0.55689020610329,0.03341190559014507,0.4096978883065646
8302,0.2599399653306092,0.06258158936730264,0.677478445302088
8303,0.8790664737081528,0.021156957970195667,0.09977656832166039
8304,0.03681991803631559,0.042803390097013214,0.9203766918666725
8305,0.8371333028875498,0.009102384317837239,0.15376431279461997
8306,0.8438707337616872,0.007674687270870035,0.14845457896744946
8307,0.05928984145308445,0.019328316222069077,0.9213818423248488
8308,0.7646167123928632,0.0032819927544051205,0.23210129485273698
8309,0.14611123860302003,0.029525273083970315,0.8243634883130155
8310,0.8699342358598829,0.012330891983451178,0.11773487215667251
8311,0.8814717405931607,0.006603041509338142,0.11192521789750759
8312,0.898520987715923,0.019607851572168142,0.08187116071191201
8313,0.9147636302472433,0.021884570975187995,0.06335179877757138
8314,0.9448598819853903,0.006438399250467507,0.04870171876414098
8315,0.8239992192522352,0.02624844533753239,0.14975233541024033
8316,0.8577393404314322,0.028741315115117953,0.11351934445345709
8317,0.6363290916172638,0.08866748595779356,0.2750034224249428
8318,0.5287671291726596,0.11717275986462077,0.3540601109627167
8319,0.023759621802969217,0.020308873662308817,0.9559315045347185
8320,0.8932119797691164,0.011048668256366134,0.09573935197452238
8321,0.6957213812677211,0.04890401163890117,0.2553746070933806
8322,0.5147232720028566,0.06493945952330561,0.4203372684738358
8323,0.01559619330238648,0.007451031058746984,0.9769527756388657
8324,0.15647162115604601,0.024474317035971603,0.8190540618079863
8325,0.948357017535932,0.014731580524355149,0.03691140193971348
8326,0.9320381500147792,0.007996935301882403,0.05996491468333848
8327,0.9168584619983434,0.02026940490747382,0.06287213309418771
8328,0.05522989276546457,0.01180052018406207,0.9329695870504753
8329,0.9308581288332493,0.014614159740835943,0.054527711425916996
8330,0.3867686698285206,0.04508155627072051,0.5681497739007619
8331,0.8749108996407807,0.012435605843845425,0.11265349451538231
8332,0.45274040567136337,0.16641339937787025,0.3808461949507621
8333,0.7739966716308929,0.00948463759117127,0.21651869077794075
8334,0.7535020336125948,0.01810543318991042,0.22839253319750155
8335,0.9106187936751126,0.011231732290722265,0.07814947403416753
8336,0.42962458562625383,0.07701791728472888,0.49335749708901405
8337,0.5536979069494397,0.026569703014463122,0.41973239003609825
8338,0.9221719956891273,0.017359132886832194,0.06046887142404195
8339,0.38849841911927113,0.08085052366356517,0.5306510572171612
8340,0.899494892324424,0.017532748639118613,0.08297235903646105
8341,0.8815584810247881,0.01807311346114066,0.10036840551407639
8342,0.9568475900931037,0.010868934549116686,0.03228347535778219
8343,0.6466535647651591,0.022413089113247936,0.3309333461215972
8344,0.06801407561282438,0.06124787022289873,0.8707380541642828
8345,0.9468276430545995,0.005015368363681133,0.048156988581719205
8346,0.4530018977814546,0.04550494396460198,0.5014931582539405
8347,0.45164873777131187,0.08249474531582408,0.4658565169128611
8348,0.37989764449133706,0.09677898718266852,0.5233233683259911
8349,0.9101853644257659,0.015021027997174584,0.07479360757706384
8350,0.736093662509925,0.012822925606078506,0.251083411884
8351,0.6899152804522988,0.011071869512575097,0.29901285003512806
8352,0.8525813700792358,0.00962474992851837,0.13779387999224907
8353,0.10277643628052621,0.012791715531819691,0.884431848187658
8354,0.04970994438345991,0.042610437427496047,0.9076796181890479
8355,0.9556600071905781,0.006469645582605339,0.03787034722681668
8356,0.6660259087648704,0.020278311447407164,0.31369577978772273
8357,0.18066300600686902,0.01795369625998105,0.8013832977331548
8358,0.04705667817167888,0.06875525151048574,0.8841880703178396
8359,0.9392275339406584,0.009079898306615168,0.05169256775272835
8360,0.8683488994073588,0.014882778045195725,0.11676832254745313
8361,0.5157157412474661,0.030315257714428875,0.4539690010381021
8362,0.8362853458052422,0.030873599643014307,0.13284105455175255
8363,0.4426554200093374,0.017459111199594396,0.5398854687910692
8364,0.8965062836818012,0.029020444148656163,0.07447327216954767
8365,0.6536802428478931,0.019324182862330903,0.3269955742897812
8366,0.6831483869114298,0.024869390187828393,0.2919822229007444
8367,0.739845763640217,0.026912235916428846,0.2332420004433582
8368,0.8651548609048927,0.018186479409496074,0.11665865968561841
8369,0.40408509188659186,0.027965663447867946,0.5679492446655389
8370,0.770664456879901,0.023452162554505572,0.20588338056560085
8371,0.7423053127593786,0.01693838153706726,0.24075630570355985
8372,0.008500598580407342,0.005445826318860637,0.9860535751007308
8373,0.0764453113692703,0.04703304968715261,0.8765216389435815
8374,0.35370423807248563,0.021973774183582182,0.624321987743934
8375,0.932313717110866,0.008079787667710482,0.05960649522142283
8376,0.26370754140326025,0.05553289704113618,0.6807595615556031
8377,0.5788950004623745,0.0917560389423545,0.32934896059526625
8378,0.8593468841147318,0.03044838180938426,0.1102047340758949
8379,0.9069652808453128,0.009126447608049213,0.08390827154664113
8380,0.7670858842719351,0.012090330183522057,0.220823785544549
8381,0.9230908458574045,0.021021972149690045,0.055887181992908104
8382,0.7903946922434659,0.01414633532988023,0.1954589724266584
8383,0.8653530682437768,0.007858774813134833,0.1267881569430951
8384,0.9424357554031535,0.006093717269208628,0.05147052732764034
8385,0.11945927254614155,0.08443510653582753,0.7961056209180355
8386,0.43717782841400665,0.04034103701926063,0.5224811345667306
8387,0.9466734384411233,0.005091265085642934,0.048235296473234476
8388,0.6673451804383964,0.014065634427419224,0.31858918513418416
8389,0.5398493817050908,0.0611585891164651,0.3989920291784433
8390,0.10983881418652171,0.04114032708249172,0.8490208587309932
8391,0.7057424186870033,0.013677996639478466,0.2805795846735215
8392,0.8479495225237217,0.035998379494908264,0.11605209798137735
8393,0.9118690716177423,0.01310639033260948,0.07502453804965392
8394,0.541165622261171,0.05962810679618204,0.39920627094264477
8395,0.3284692704655734,0.043301220833695524,0.628229508700731
8396,0.8599018277702798,0.021986980861980816,0.11811119136774512
8397,0.9216368753281852,0.0072634595981982105,0.07109966507361733
8398,0.9445603096983235,0.005805269599751756,0.049634420701922956
8399,0.8429166300649119,0.019722373514739985,0.13736099642036154
8400,0.019017588433158424,0.014472630712260766,0.9665097808545793
8401,0.39588034064985517,0.12987551330450123,0.47424414604564163
8402,0.2349340860059728,0.07181952455302601,0.6932463894410027
8403,0.10117704667445779,0.12275306955149315,0.7760698837740567
8404,0.7030870046577478,0.022861303821224126,0.2740516915210339
8405,0.11528931975377138,0.026755142520456146,0.8579555377257797
8406,0.8269750229052365,0.010447989893950791,0.16257698720082212
8407,0.9102893259716474,0.009041856975829172,0.0806688170525249
8408,0.6326706431760195,0.025582881576687165,0.34174647524729024
8409,0.09957118495287329,0.030177189123397574,0.8702516259237328
8410,0.48821934315136994,0.1279761640030961,0.38380449284553264
8411,0.8161602655341866,0.01509754330717238,0.16874219115865227
8412,0.15207625362049576,0.03878296818509099,0.8091407781944175
8413,0.014682465311246085,0.016182452611616317,0.9691350820771354
8414,0.9233534212863782,0.007692423948080939,0.06895415476554413
8415,0.7755255105570116,0.030423621993891675,0.19405086744910546
8416,0.8624330003921977,0.015458064456558748,0.12210893515125032
8417,0.5350303203053711,0.030180106271187616,0.43478957342344265
8418,0.6934706782561799,0.019875786087490244,0.28665353565633006
8419,0.11221262071271351,0.04348431134482451,0.8443030679424675
8420,0.651270155344147,0.013049216737637061,0.3356806279182126
8421,0.23315041258959848,0.060449199267261784,0.7064003881431407
8422,0.9034544633264147,0.005249828324056274,0.09129570834953137
8423,0.8089845004303365,0.01171787997484687,0.1792976195948225
8424,0.6104714595409187,0.08240892704763755,0.30711961341144406
8425,0.711052721031506,0.0426381771943257,0.24630910177417412
8426,0.10043634185251483,0.08951956818091511,0.8100440899665754
8427,0.40642550037515546,0.12725149156193458,0.4663230080629076
8428,0.9320948077021236,0.005475620802886012,0.06242957149499112
8429,0.9462005990604286,0.008959755517613266,0.04483964542195719
8430,0.8431159215486255,0.05801436091750843,0.09886971753387554
8431,0.2546444621129369,0.042384576445717415,0.7029709614413463
8432,0.5039921011517265,0.10709437139736687,0.38891352745090346
8433,0.7614794668680774,0.057433690754560195,0.18108684237736863
8434,0.11243648237551321,0.06618627985674043,0.8213772377677522
8435,0.8737852502806546,0.013599656890396892,0.11261509282895497
8436,0.6337692624339557,0.042141347607509975,0.324089389958535
8437,0.047932760610566214,0.022117432337664073,0.9299498070517719
8438,0.9148100053170309,0.019740419364426966,0.06544957531854818
8439,0.4604151415519061,0.078537840152934,0.4610470182951567
8440,0.7696928919946726,0.048124350662033286,0.18218275734330308
8441,0.582948769522572,0.014189908009103492,0.4028613224683239
8442,0.8908404453758734,0.023885819616123842,0.08527373500801168
8443,0.8984413384302374,0.009093061351252749,0.09246560021851412
8444,0.8686888364740426,0.025620996324948582,0.10569016720101632
8445,0.9664526468004513,0.007479341739372282,0.026068011460173995
8446,0.7242203328263354,0.012005567378858445,0.2637740997948123
8447,0.12390075321398836,0.08055889294909527,0.7955403538369216
8448,0.8623865908671798,0.007249231794523441,0.1303641773383057
8449,0.41359714593353913,0.0823682827044185,0.5040345713620394
8450,0.610268468558038,0.06296875478113599,0.32676277666082576
8451,0.8849134904012873,0.019811394650210465,0.09527511494850656
8452,0.9692156977604401,0.00608562771323129,0.02469867452632783
8453,0.8349985368642587,0.015210231262150608,0.14979123187359503
8454,0.6260709221703393,0.023876513443053797,0.35005256438660687
8455,0.3258402971837614,0.04923237588788132,0.6249273269283578
8456,0.5872987726958938,0.024631198513516122,0.3880700287905871
8457,0.8699345312553984,0.01359360302747907,0.11647186571712904
8458,0.5113860693599886,0.11223146976725729,0.3763824608727528
8459,0.9094168076472183,0.017437039406868523,0.0731461529459194
8460,0.9092636410965008,0.022989628419505474,0.06774673048399947
8461,0.13152097234621632,0.06955077564171215,0.7989282520120762
8462,0.9387701684421355,0.011482702898399838,0.04974712865946589
8463,0.47827719493163995,0.03227394621701205,0.4894488588513462
8464,0.8624630081367474,0.029635522965445946,0.10790146889781453
8465,0.3977950193676401,0.018937741903736257,0.5832672387286263
8466,0.7334388710800245,0.03016471571234736,0.23639641320763358
8467,0.9270850842649283,0.006458678620441881,0.06645623711463113
8468,0.3324900213728456,0.07981727881342358,0.5876926998137272
8469,0.2581931962754112,0.04210497332680121,0.6997018303977888
8470,0.6424892450667891,0.037873339983982866,0.3196374149492299
8471,0.911521280573985,0.00998513988655862,0.07849357953946091
8472,0.7674971169518288,0.02493236125162488,0.20757052179655178
8473,0.9279286204985338,0.02290535981927989,0.04916601968219004
8474,0.8201192958150647,0.0387938727376931,0.14108683144724943
8475,0.2540493194525801,0.04173691143303075,0.7042137691143925
8476,0.9287138751599455,0.010498169644799686,0.060787955195253526
8477,0.5789025060899357,0.09322794440321326,0.3278695495068475
8478,0.8137455693368018,0.028831179876421063,0.15742325078678457
8479,0.8699503812603733,0.01772388445901724,0.1123257342806162
8480,0.8701630149110448,0.017718351428317344,0.11211863366064705
8481,0.9645268827205784,0.00784994784962567,0.027623169429794737
8482,0.27332320149390377,0.0368183044052837,0.6898584941008166
8483,0.09704832743542137,0.04321173399501801,0.859739938569569
8484,0.8324617430424751,0.008715600366948972,0.15882265659058223
8485,0.9486988279411054,0.007404021932300735,0.04389715012659506
8486,0.13198327317333208,0.039908693983601994,0.828108032843071
8487,0.649288991219085,0.036791787315899285,0.3139192214650174
8488,0.9408313136358385,0.008148290181945789,0.051020396182217216
8489,0.5464612458127228,0.07123074154667083,0.38230801264060416
8490,0.10986141019244314,0.029397583541549758,0.8607410062660128
8491,0.23232092847922867,0.04903320762420373,0.7186458638965707
8492,0.7872794303475342,0.03803683854334879,0.17468373110912397
8493,0.7287384582378391,0.014171183235720612,0.25709035852644624
8494,0.6955269594715374,0.04453356161273568,0.2599394789157283
8495,0.7497909543795362,0.04674841992058487,0.20346062569987958
8496,0.7165558570109448,0.031859324258861677,0.2515848187301974
8497,0.8796246005883364,0.006255044407977131,0.1141203550036876
8498,0.15192450055141563,0.03601572454161809,0.8120597749069686
8499,0.901358837812297,0.010734644906765947,0.08790651728094048
8500,0.7765646331071206,0.040160755250959926,0.18327461164192388
8501,0.745224272682619,0.01871157842339812,0.2360641488939857
8502,0.13962336966876743,0.026371911931709395,0.8340047183995275
8503,0.8036356097479518,0.025223137845672237,0.17114125240638078
8504,0.09563767936279598,0.02631985624051051,0.8780424643966953
8505,0.9254260660394634,0.008200653887251167,0.06637328007328859
8506,0.9526391593229832,0.003459472819095438,0.04390136785792085
8507,0.8337554429781194,0.017766581343769322,0.14847797567811585
8508,0.7934612601560931,0.020530881406604046,0.18600785843730877
8509,0.8933531766312967,0.01566995008688955,0.09097687328181889
8510,0.6331144495997029,0.09197163647114005,0.27491391392915804
8511,0.844929159663852,0.03335667485720417,0.12171416547895422
8512,0.08431450718325782,0.020809384336897618,0.8948761084798491
8513,0.43042626036754855,0.0874662415413019,0.48210749809114756
8514,0.18220500176511698,0.041454206554512554,0.7763407916803731
8515,0.7762491554363777,0.0296469393009336,0.19410390526269358
8516,0.1683783433466149,0.061303974038303184,0.7703176826150884
8517,0.6253117614753176,0.0660871580610843,0.3086010804635956
8518,0.6302037224182254,0.10495250895896654,0.26484376862280823
8519,0.39388498926641774,0.0484311402971048,0.5576838704364758
8520,0.948396913568527,0.013223489245006916,0.03837959718646635
8521,0.8834046745592022,0.009287178079203406,0.10730814736159762
8522,0.7211955771004936,0.07934390548488326,0.19946051741462786
8523,0.12174718098727748,0.02181687307920928,0.856435945933519
8524,0.9073534436655003,0.031927691929756925,0.06071886440474587
8525,0.4213240621845551,0.02082745905134,0.5578484787641083
8526,0.9443208556548234,0.004459998027406796,0.05121914631776859
